3,2
3,1
3,3
10,195
10,21
10,191
10,193
10,283
10,189
10,263
11,19
11,25
11,21
8,5
8,9
8,16
210,4
210,3
210,2
210,1
210,0
209,4
209,3
209,2
209,1
209,0
206,5
206,4
206,3
206,2
206,1
206,0
203,5
203,4
203,3
203,2
203,1
203,0
201,5
201,4
201,3
201,2
201,1
201,0
197,5
197,4
197,3
197,2
197,1
197,0
196,3
196,2
196,1
196,0
195,4
195,3
195,2
195,1
195,0
194,5
194,4
194,3
194,2
194,1
194,0
190,5
190,4
190,3
190,2
190,1
190,0
188,4
188,3
188,2
188,1
188,0
185,3
185,2
185,1
185,0
20,3
20,2
20,1
19,3
19,2
19,1
12,3
12,2
12,1
11,28
11,27
11,26
11,24
11,22
11,20
11,18
11,17
11,15
11,13
11,12
11,11
11,10
11,9
11,8
11,7
11,1
11,4
11,3
11,2
10,309
10,151
10,121
18,1
18,3
14,1
14,3
13,1
13,3
10,93
